     T         w/w0
0.86095      0.50000
0.85444      0.50100
0.84814      0.50200
0.84207      0.50300
0.83627      0.50400
0.83077      0.50500
0.82558      0.50600
0.82073      0.50700
0.81624      0.50800
0.81213      0.50900
0.80842      0.51000
0.80512      0.51100
0.80223      0.51200
0.79978      0.51300
0.79777      0.51400
0.79621      0.51500
0.79511      0.51600
0.79446      0.51700
0.79428      0.51800
0.79457      0.51900
0.79532      0.52000
0.79654      0.52100
0.79823      0.52200
0.80037      0.52300
0.80298      0.52400
0.80603      0.52500
0.80952      0.52600
0.81345      0.52700
0.81779      0.52800
0.82254      0.52900
0.82768      0.53000
0.83318      0.53100
0.83903      0.53200
0.84520      0.53300
0.85167      0.53400
0.85840      0.53500
0.86535      0.53600
0.87249      0.53700
0.87978      0.53800
0.88717      0.53900
0.89461      0.54000
0.90205      0.54100
0.90944      0.54200
0.91672      0.54300
0.92382      0.54400
0.93069      0.54500
0.93726      0.54600
0.94348      0.54700
0.94927      0.54800
0.95459      0.54900
0.95936      0.55000
0.96354      0.55100
0.96707      0.55200
0.96991      0.55300
0.97203      0.55400
0.97339      0.55500
0.97397      0.55600
0.97375      0.55700
0.97273      0.55800
0.97092      0.55900
0.96832      0.56000
0.96496      0.56100
0.96087      0.56200
0.95608      0.56300
0.95065      0.56400
0.94462      0.56500
0.93804      0.56600
0.93098      0.56700
0.92350      0.56800
0.91566      0.56900
0.90753      0.57000
0.89917      0.57100
0.89066      0.57200
0.88205      0.57300
0.87340      0.57400
0.86477      0.57500
0.85622      0.57600
0.84781      0.57700
0.83957      0.57800
0.83156      0.57900
0.82381      0.58000
0.81636      0.58100
0.80926      0.58200
0.80252      0.58300
0.79619      0.58400
0.79027      0.58500
0.78480      0.58600
0.77980      0.58700
0.77528      0.58800
0.77126      0.58900
0.76774      0.59000
0.76476      0.59100
0.76230      0.59200
0.76038      0.59300
0.75902      0.59400
0.75820      0.59500
0.75795      0.59600
0.75826      0.59700
0.75913      0.59800
0.76057      0.59900
0.76257      0.60000
0.76514      0.60100
0.76826      0.60200
0.77194      0.60300
0.77617      0.60400
0.78094      0.60500
0.78624      0.60600
0.79205      0.60700
0.79835      0.60800
0.80514      0.60900
0.81238      0.61000
0.82005      0.61100
0.82811      0.61200
0.83652      0.61300
0.84525      0.61400
0.85425      0.61500
0.86346      0.61600
0.87283      0.61700
0.88228      0.61800
0.89175      0.61900
0.90117      0.62000
0.91044      0.62100
0.91949      0.62200
0.92822      0.62300
0.93655      0.62400
0.94437      0.62500
0.95159      0.62600
0.95813      0.62700
0.96389      0.62800
0.96879      0.62900
0.97276      0.63000
0.97573      0.63100
0.97764      0.63200
0.97847      0.63300
0.97817      0.63400
0.97674      0.63500
0.97418      0.63600
0.97052      0.63700
0.96577      0.63800
0.96000      0.63900
0.95325      0.64000
0.94562      0.64100
0.93716      0.64200
0.92798      0.64300
0.91816      0.64400
0.90781      0.64500
0.89703      0.64600
0.88591      0.64700
0.87454      0.64800
0.86304      0.64900
0.85148      0.65000
0.83995      0.65100
0.82853      0.65200
0.81729      0.65300
0.80631      0.65400
0.79564      0.65500
0.78533      0.65600
0.77544      0.65700
0.76600      0.65800
0.75707      0.65900
0.74866      0.66000
0.74081      0.66100
0.73355      0.66200
0.72689      0.66300
0.72086      0.66400
0.71546      0.66500
0.71072      0.66600
0.70664      0.66700
0.70324      0.66800
0.70053      0.66900
0.69851      0.67000
0.69719      0.67100
0.69658      0.67200
0.69668      0.67300
0.69750      0.67400
0.69905      0.67500
0.70132      0.67600
0.70433      0.67700
0.70807      0.67800
0.71255      0.67900
0.71776      0.68000
0.72371      0.68100
0.73038      0.68200
0.73778      0.68300
0.74589      0.68400
0.75470      0.68500
0.76418      0.68600
0.77431      0.68700
0.78506      0.68800
0.79637      0.68900
0.80821      0.69000
0.82051      0.69100
0.83320      0.69200
0.84618      0.69300
0.85937      0.69400
0.87265      0.69500
0.88588      0.69600
0.89894      0.69700
0.91167      0.69800
0.92390      0.69900
0.93547      0.70000
0.94618      0.70100
0.95587      0.70200
0.96436      0.70300
0.97147      0.70400
0.97706      0.70500
0.98098      0.70600
0.98312      0.70700
0.98340      0.70800
0.98177      0.70900
0.97821      0.71000
0.97276      0.71100
0.96545      0.71200
0.95639      0.71300
0.94571      0.71400
0.93353      0.71500
0.92005      0.71600
0.90543      0.71700
0.88987      0.71800
0.87357      0.71900
0.85672      0.72000
0.83950      0.72100
0.82210      0.72200
0.80468      0.72300
0.78738      0.72400
0.77035      0.72500
0.75370      0.72600
0.73753      0.72700
0.72194      0.72800
0.70700      0.72900
0.69277      0.73000
0.67930      0.73100
0.66663      0.73200
0.65480      0.73300
0.64383      0.73400
0.63374      0.73500
0.62454      0.73600
0.61625      0.73700
0.60887      0.73800
0.60241      0.73900
0.59689      0.74000
0.59230      0.74100
0.58865      0.74200
0.58595      0.74300
0.58421      0.74400
0.58344      0.74500
0.58365      0.74600
0.58487      0.74700
0.58710      0.74800
0.59036      0.74900
0.59468      0.75000
0.60009      0.75100
0.60661      0.75200
0.61426      0.75300
0.62308      0.75400
0.63310      0.75500
0.64433      0.75600
0.65680      0.75700
0.67052      0.75800
0.68551      0.75900
0.70175      0.76000
0.71921      0.76100
0.73786      0.76200
0.75760      0.76300
0.77834      0.76400
0.79990      0.76500
0.82208      0.76600
0.84461      0.76700
0.86716      0.76800
0.88931      0.76900
0.91060      0.77000
0.93049      0.77100
0.94840      0.77200
0.96371      0.77300
0.97582      0.77400
0.98415      0.77500
0.98822      0.77600
0.98766      0.77700
0.98225      0.77800
0.97197      0.77900
0.95697      0.78000
0.93758      0.78100
0.91429      0.78200
0.88770      0.78300
0.85850      0.78400
0.82738      0.78500
0.79503      0.78600
0.76211      0.78700
0.72917      0.78800
0.69671      0.78900
0.66514      0.79000
0.63475      0.79100
0.60579      0.79200
0.57842      0.79300
0.55275      0.79400
0.52883      0.79500
0.50668      0.79600
0.48629      0.79700
0.46763      0.79800
0.45068      0.79900
0.43536      0.80000
0.42165      0.80100
0.40948      0.80200
0.39881      0.80300
0.38960      0.80400
0.38182      0.80500
0.37546      0.80600
0.37049      0.80700
0.36693      0.80800
0.36479      0.80900
0.36412      0.81000
0.36497      0.81100
0.36743      0.81200
0.37161      0.81300
0.37765      0.81400
0.38572      0.81500
0.39607      0.81600
0.40895      0.81700
0.42472      0.81800
0.44378      0.81900
0.46663      0.82000
0.49384      0.82100
0.52605      0.82200
0.56397      0.82300
0.60824      0.82400
0.65933      0.82500
0.71720      0.82600
0.78076      0.82700
0.84712      0.82800
0.91062      0.82900
0.96225      0.83000
0.99043      0.83100
0.98428      0.83200
0.93866      0.83300
0.85790      0.83400
0.75454      0.83500
0.64366      0.83600
0.53749      0.83700
0.44313      0.83800
0.36317      0.83900
0.29731      0.84000
0.24392      0.84100
0.20097      0.84200
0.16647      0.84300
0.13872      0.84400
0.11631      0.84500
0.09812      0.84600
0.08327      0.84700
0.07108      0.84800
0.06101      0.84900
0.05263      0.85000
0.04564      0.85100
0.03975      0.85200
0.03478      0.85300
0.03055      0.85400
0.02694      0.85500
0.02385      0.85600
0.02118      0.85700
0.01888      0.85800
0.01688      0.85900
0.01513      0.86000
0.01360      0.86100
0.01226      0.86200
0.01108      0.86300
0.01004      0.86400
0.00912      0.86500
0.00830      0.86600
0.00757      0.86700
0.00692      0.86800
0.00633      0.86900
0.00581      0.87000
0.00534      0.87100
0.00492      0.87200
0.00453      0.87300
0.00419      0.87400
0.00387      0.87500
0.00359      0.87600
0.00333      0.87700
0.00309      0.87800
0.00288      0.87900
0.00268      0.88000
0.00250      0.88100
0.00234      0.88200
0.00219      0.88300
0.00205      0.88400
0.00192      0.88500
0.00180      0.88600
0.00169      0.88700
0.00159      0.88800
0.00150      0.88900
0.00141      0.89000
0.00133      0.89100
0.00126      0.89200
0.00119      0.89300
0.00113      0.89400
0.00107      0.89500
0.00101      0.89600
0.00096      0.89700
0.00091      0.89800
0.00086      0.89900
0.00082      0.90000
0.00078      0.90100
0.00075      0.90200
0.00071      0.90300
0.00068      0.90400
0.00065      0.90500
0.00062      0.90600
0.00059      0.90700
0.00057      0.90800
0.00054      0.90900
0.00052      0.91000
0.00050      0.91100
0.00048      0.91200
0.00046      0.91300
0.00044      0.91400
0.00042      0.91500
0.00041      0.91600
0.00039      0.91700
0.00038      0.91800
0.00036      0.91900
0.00035      0.92000
0.00034      0.92100
0.00033      0.92200
0.00032      0.92300
0.00031      0.92400
0.00030      0.92500
0.00029      0.92600
0.00028      0.92700
0.00027      0.92800
0.00026      0.92900
0.00025      0.93000
0.00025      0.93100
0.00024      0.93200
0.00023      0.93300
0.00023      0.93400
0.00022      0.93500
0.00021      0.93600
0.00021      0.93700
0.00020      0.93800
0.00020      0.93900
0.00019      0.94000
0.00019      0.94100
0.00018      0.94200
0.00018      0.94300
0.00017      0.94400
0.00017      0.94500
0.00017      0.94600
0.00016      0.94700
0.00016      0.94800
0.00016      0.94900
0.00015      0.95000
0.00015      0.95100
0.00015      0.95200
0.00014      0.95300
0.00014      0.95400
0.00014      0.95500
0.00014      0.95600
0.00013      0.95700
0.00013      0.95800
0.00013      0.95900
0.00013      0.96000
0.00013      0.96100
0.00012      0.96200
0.00012      0.96300
0.00012      0.96400
0.00012      0.96500
0.00012      0.96600
0.00012      0.96700
0.00011      0.96800
0.00011      0.96900
0.00011      0.97000
0.00011      0.97100
0.00011      0.97200
0.00011      0.97300
0.00011      0.97400
0.00011      0.97500
0.00010      0.97600
0.00010      0.97700
0.00010      0.97800
0.00010      0.97900
0.00010      0.98000
0.00010      0.98100
0.00010      0.98200
0.00010      0.98300
0.00010      0.98400
0.00010      0.98500
0.00010      0.98600
0.00010      0.98700
0.00010      0.98800
0.00010      0.98900
0.00010      0.99000
0.00009      0.99100
0.00009      0.99200
0.00009      0.99300
0.00009      0.99400
0.00009      0.99500
0.00009      0.99600
0.00009      0.99700
0.00009      0.99800
0.00009      0.99900
0.00009      1.00000
0.00009      1.00100
0.00009      1.00200
0.00009      1.00300
0.00009      1.00400
0.00009      1.00500
0.00009      1.00600
0.00009      1.00700
0.00009      1.00800
0.00009      1.00900
0.00010      1.01000
0.00010      1.01100
0.00010      1.01200
0.00010      1.01300
0.00010      1.01400
0.00010      1.01500
0.00010      1.01600
0.00010      1.01700
0.00010      1.01800
0.00010      1.01900
0.00010      1.02000
0.00010      1.02100
0.00010      1.02200
0.00010      1.02300
0.00010      1.02400
0.00011      1.02500
0.00011      1.02600
0.00011      1.02700
0.00011      1.02800
0.00011      1.02900
0.00011      1.03000
0.00011      1.03100
0.00011      1.03200
0.00012      1.03300
0.00012      1.03400
0.00012      1.03500
0.00012      1.03600
0.00012      1.03700
0.00012      1.03800
0.00013      1.03900
0.00013      1.04000
0.00013      1.04100
0.00013      1.04200
0.00013      1.04300
0.00014      1.04400
0.00014      1.04500
0.00014      1.04600
0.00014      1.04700
0.00015      1.04800
0.00015      1.04900
0.00015      1.05000
0.00016      1.05100
0.00016      1.05200
0.00016      1.05300
0.00017      1.05400
0.00017      1.05500
0.00017      1.05600
0.00018      1.05700
0.00018      1.05800
0.00019      1.05900
0.00019      1.06000
0.00020      1.06100
0.00020      1.06200
0.00021      1.06300
0.00021      1.06400
0.00022      1.06500
0.00023      1.06600
0.00023      1.06700
0.00024      1.06800
0.00025      1.06900
0.00025      1.07000
0.00026      1.07100
0.00027      1.07200
0.00028      1.07300
0.00029      1.07400
0.00030      1.07500
0.00031      1.07600
0.00032      1.07700
0.00033      1.07800
0.00034      1.07900
0.00035      1.08000
0.00036      1.08100
0.00038      1.08200
0.00039      1.08300
0.00041      1.08400
0.00042      1.08500
0.00044      1.08600
0.00046      1.08700
0.00048      1.08800
0.00050      1.08900
0.00052      1.09000
0.00054      1.09100
0.00057      1.09200
0.00059      1.09300
0.00062      1.09400
0.00065      1.09500
0.00068      1.09600
0.00071      1.09700
0.00075      1.09800
0.00078      1.09900
0.00082      1.10000
0.00086      1.10100
0.00091      1.10200
0.00096      1.10300
0.00101      1.10400
0.00107      1.10500
0.00113      1.10600
0.00119      1.10700
0.00126      1.10800
0.00133      1.10900
0.00141      1.11000
0.00150      1.11100
0.00159      1.11200
0.00169      1.11300
0.00180      1.11400
0.00192      1.11500
0.00205      1.11600
0.00219      1.11700
0.00234      1.11800
0.00250      1.11900
0.00268      1.12000
0.00288      1.12100
0.00309      1.12200
0.00333      1.12300
0.00359      1.12400
0.00387      1.12500
0.00419      1.12600
0.00453      1.12700
0.00492      1.12800
0.00534      1.12900
0.00581      1.13000
0.00633      1.13100
0.00692      1.13200
0.00757      1.13300
0.00830      1.13400
0.00912      1.13500
0.01004      1.13600
0.01109      1.13700
0.01227      1.13800
0.01361      1.13900
0.01513      1.14000
0.01688      1.14100
0.01888      1.14200
0.02119      1.14300
0.02385      1.14400
0.02695      1.14500
0.03056      1.14600
0.03478      1.14700
0.03976      1.14800
0.04564      1.14900
0.05264      1.15000
0.06101      1.15100
0.07109      1.15200
0.08328      1.15300
0.09813      1.15400
0.11632      1.15500
0.13873      1.15600
0.16648      1.15700
0.20098      1.15800
0.24394      1.15900
0.29733      1.16000
0.36318      1.16100
0.44315      1.16200
0.53751      1.16300
0.64367      1.16400
0.75454      1.16500
0.85791      1.16600
0.93866      1.16700
0.98428      1.16800
0.99044      1.16900
0.96226      1.17000
0.91064      1.17100
0.84715      1.17200
0.78080      1.17300
0.71724      1.17400
0.65937      1.17500
0.60828      1.17600
0.56401      1.17700
0.52609      1.17800
0.49387      1.17900
0.46667      1.18000
0.44382      1.18100
0.42475      1.18200
0.40898      1.18300
0.39610      1.18400
0.38576      1.18500
0.37768      1.18600
0.37164      1.18700
0.36746      1.18800
0.36500      1.18900
0.36415      1.19000
0.36482      1.19100
0.36696      1.19200
0.37052      1.19300
0.37549      1.19400
0.38185      1.19500
0.38963      1.19600
0.39884      1.19700
0.40951      1.19800
0.42168      1.19900
0.43539      1.20000
0.45070      1.20100
0.46766      1.20200
0.48631      1.20300
0.50670      1.20400
0.52885      1.20500
0.55277      1.20600
0.57845      1.20700
0.60581      1.20800
0.63477      1.20900
0.66515      1.21000
0.69673      1.21100
0.72918      1.21200
0.76212      1.21300
0.79504      1.21400
0.82738      1.21500
0.85850      1.21600
0.88770      1.21700
0.91429      1.21800
0.93758      1.21900
0.95697      1.22000
0.97197      1.22100
0.98225      1.22200
0.98766      1.22300
0.98822      1.22400
0.98416      1.22500
0.97583      1.22600
0.96373      1.22700
0.94842      1.22800
0.93051      1.22900
0.91063      1.23000
0.88934      1.23100
0.86719      1.23200
0.84465      1.23300
0.82212      1.23400
0.79994      1.23500
0.77837      1.23600
0.75764      1.23700
0.73790      1.23800
0.71925      1.23900
0.70179      1.24000
0.68555      1.24100
0.67056      1.24200
0.65684      1.24300
0.64437      1.24400
0.63314      1.24500
0.62312      1.24600
0.61430      1.24700
0.60665      1.24800
0.60013      1.24900
0.59472      1.25000
0.59040      1.25100
0.58713      1.25200
0.58490      1.25300
0.58369      1.25400
0.58348      1.25500
0.58425      1.25600
0.58599      1.25700
0.58868      1.25800
0.59233      1.25900
0.59692      1.26000
0.60245      1.26100
0.60890      1.26200
0.61628      1.26300
0.62457      1.26400
0.63376      1.26500
0.64386      1.26600
0.65483      1.26700
0.66666      1.26800
0.67932      1.26900
0.69279      1.27000
0.70702      1.27100
0.72196      1.27200
0.73755      1.27300
0.75371      1.27400
0.77036      1.27500
0.78739      1.27600
0.80469      1.27700
0.82211      1.27800
0.83951      1.27900
0.85672      1.28000
0.87358      1.28100
0.88988      1.28200
0.90543      1.28300
0.92005      1.28400
0.93353      1.28500
0.94571      1.28600
0.95639      1.28700
0.96545      1.28800
0.97276      1.28900
0.97821      1.29000
0.98177      1.29100
0.98340      1.29200
0.98312      1.29300
0.98098      1.29400
0.97707      1.29500
0.97148      1.29600
0.96437      1.29700
0.95589      1.29800
0.94620      1.29900
0.93549      1.30000
0.92392      1.30100
0.91169      1.30200
0.89897      1.30300
0.88591      1.30400
0.87268      1.30500
0.85940      1.30600
0.84622      1.30700
0.83323      1.30800
0.82055      1.30900
0.80825      1.31000
0.79641      1.31100
0.78509      1.31200
0.77435      1.31300
0.76422      1.31400
0.75474      1.31500
0.74593      1.31600
0.73782      1.31700
0.73042      1.31800
0.72375      1.31900
0.71780      1.32000
0.71258      1.32100
0.70811      1.32200
0.70437      1.32300
0.70136      1.32400
0.69908      1.32500
0.69754      1.32600
0.69672      1.32700
0.69661      1.32800
0.69722      1.32900
0.69854      1.33000
0.70056      1.33100
0.70328      1.33200
0.70667      1.33300
0.71075      1.33400
0.71549      1.33500
0.72088      1.33600
0.72692      1.33700
0.73358      1.33800
0.74084      1.33900
0.74869      1.34000
0.75709      1.34100
0.76603      1.34200
0.77546      1.34300
0.78535      1.34400
0.79565      1.34500
0.80632      1.34600
0.81731      1.34700
0.82854      1.34800
0.83996      1.34900
0.85149      1.35000
0.86305      1.35100
0.87455      1.35200
0.88591      1.35300
0.89703      1.35400
0.90782      1.35500
0.91817      1.35600
0.92798      1.35700
0.93716      1.35800
0.94562      1.35900
0.95325      1.36000
0.96000      1.36100
0.96577      1.36200
0.97052      1.36300
0.97419      1.36400
0.97674      1.36500
0.97817      1.36600
0.97847      1.36700
0.97765      1.36800
0.97573      1.36900
0.97277      1.37000
0.96880      1.37100
0.96390      1.37200
0.95814      1.37300
0.95161      1.37400
0.94439      1.37500
0.93657      1.37600
0.92825      1.37700
0.91952      1.37800
0.91047      1.37900
0.90120      1.38000
0.89178      1.38100
0.88231      1.38200
0.87286      1.38300
0.86349      1.38400
0.85428      1.38500
0.84529      1.38600
0.83656      1.38700
0.82814      1.38800
0.82008      1.38900
0.81242      1.39000
0.80518      1.39100
0.79839      1.39200
0.79208      1.39300
0.78627      1.39400
0.78098      1.39500
0.77621      1.39600
0.77198      1.39700
0.76830      1.39800
0.76517      1.39900
0.76261      1.40000
0.76061      1.40100
0.75917      1.40200
0.75829      1.40300
0.75799      1.40400
0.75824      1.40500
0.75905      1.40600
0.76042      1.40700
0.76233      1.40800
0.76479      1.40900
0.76777      1.41000
0.77128      1.41100
0.77531      1.41200
0.77983      1.41300
0.78483      1.41400
0.79030      1.41500
0.79621      1.41600
0.80255      1.41700
0.80928      1.41800
0.81638      1.41900
0.82383      1.42000
0.83157      1.42100
0.83958      1.42200
0.84782      1.42300
0.85624      1.42400
0.86478      1.42500
0.87341      1.42600
0.88205      1.42700
0.89067      1.42800
0.89918      1.42900
0.90753      1.43000
0.91566      1.43100
0.92350      1.43200
0.93098      1.43300
0.93804      1.43400
0.94462      1.43500
0.95065      1.43600
0.95608      1.43700
0.96087      1.43800
0.96496      1.43900
0.96832      1.44000
0.97092      1.44100
0.97273      1.44200
0.97375      1.44300
0.97397      1.44400
0.97339      1.44500
0.97204      1.44600
0.96992      1.44700
0.96708      1.44800
0.96355      1.44900
0.95937      1.45000
0.95460      1.45100
0.94929      1.45200
0.94350      1.45300
0.93728      1.45400
0.93071      1.45500
0.92384      1.45600
0.91674      1.45700
0.90947      1.45800
0.90208      1.45900
0.89464      1.46000
0.88720      1.46100
0.87981      1.46200
0.87252      1.46300
0.86538      1.46400
0.85843      1.46500
0.85170      1.46600
0.84524      1.46700
0.83907      1.46800
0.83322      1.46900
0.82771      1.47000
0.82258      1.47100
0.81783      1.47200
0.81348      1.47300
0.80956      1.47400
0.80607      1.47500
0.80301      1.47600
0.80041      1.47700
0.79826      1.47800
0.79658      1.47900
0.79536      1.48000
0.79461      1.48100
0.79432      1.48200
0.79450      1.48300
0.79514      1.48400
0.79624      1.48500
0.79780      1.48600
0.79981      1.48700
0.80226      1.48800
0.80514      1.48900
0.80845      1.49000
0.81216      1.49100
0.81627      1.49200
0.82075      1.49300
0.82560      1.49400
0.83079      1.49500
0.83629      1.49600
0.84209      1.49700
0.84816      1.49800
0.85446      1.49900
0.86097      1.50000
