     H        R_TMM     R_Theory
0.0000       0.0400       0.0400
0.0010       0.0400       0.0400
0.0020       0.0401       0.0401
0.0030       0.0403       0.0403
0.0040       0.0406       0.0406
0.0050       0.0409       0.0409
0.0060       0.0413       0.0413
0.0070       0.0418       0.0418
0.0080       0.0423       0.0423
0.0090       0.0429       0.0429
0.0100       0.0436       0.0436
0.0110       0.0444       0.0444
0.0120       0.0452       0.0452
0.0130       0.0461       0.0461
0.0140       0.0471       0.0471
0.0150       0.0481       0.0481
0.0160       0.0492       0.0492
0.0170       0.0504       0.0504
0.0180       0.0516       0.0516
0.0190       0.0529       0.0529
0.0200       0.0543       0.0543
0.0210       0.0557       0.0557
0.0220       0.0572       0.0572
0.0230       0.0588       0.0588
0.0240       0.0604       0.0604
0.0250       0.0620       0.0621
0.0260       0.0638       0.0638
0.0270       0.0656       0.0656
0.0280       0.0674       0.0675
0.0290       0.0694       0.0694
0.0300       0.0713       0.0714
0.0310       0.0733       0.0734
0.0320       0.0754       0.0755
0.0330       0.0776       0.0776
0.0340       0.0797       0.0798
0.0350       0.0820       0.0820
0.0360       0.0842       0.0843
0.0370       0.0866       0.0866
0.0380       0.0889       0.0890
0.0390       0.0914       0.0914
0.0400       0.0938       0.0939
0.0410       0.0963       0.0964
0.0420       0.0989       0.0990
0.0430       0.1015       0.1016
0.0440       0.1041       0.1042
0.0450       0.1068       0.1069
0.0460       0.1095       0.1096
0.0470       0.1122       0.1123
0.0480       0.1150       0.1151
0.0490       0.1178       0.1179
0.0501       0.1207       0.1208
0.0511       0.1235       0.1236
0.0521       0.1264       0.1265
0.0531       0.1294       0.1295
0.0541       0.1323       0.1324
0.0551       0.1353       0.1354
0.0561       0.1383       0.1384
0.0571       0.1413       0.1415
0.0581       0.1444       0.1445
0.0591       0.1475       0.1476
0.0601       0.1506       0.1507
0.0611       0.1537       0.1538
0.0621       0.1568       0.1570
0.0631       0.1600       0.1601
0.0641       0.1631       0.1633
0.0651       0.1663       0.1665
0.0661       0.1695       0.1696
0.0671       0.1727       0.1729
0.0681       0.1759       0.1761
0.0691       0.1791       0.1793
0.0701       0.1824       0.1825
0.0711       0.1856       0.1858
0.0721       0.1889       0.1890
0.0731       0.1921       0.1923
0.0741       0.1954       0.1956
0.0751       0.1986       0.1988
0.0761       0.2019       0.2021
0.0771       0.2052       0.2054
0.0781       0.2085       0.2086
0.0791       0.2117       0.2119
0.0801       0.2150       0.2152
0.0811       0.2183       0.2185
0.0821       0.2215       0.2217
0.0831       0.2248       0.2250
0.0841       0.2281       0.2283
0.0851       0.2313       0.2315
0.0861       0.2346       0.2348
0.0871       0.2378       0.2380
0.0881       0.2411       0.2413
0.0891       0.2443       0.2445
0.0901       0.2475       0.2477
0.0911       0.2507       0.2509
0.0921       0.2539       0.2541
0.0931       0.2571       0.2573
0.0941       0.2603       0.2605
0.0951       0.2635       0.2637
0.0961       0.2667       0.2669
0.0971       0.2698       0.2700
0.0981       0.2730       0.2732
0.0991       0.2761       0.2763
0.1001       0.2792       0.2794
0.1011       0.2823       0.2825
0.1021       0.2854       0.2856
0.1031       0.2885       0.2887
0.1041       0.2915       0.2917
0.1051       0.2945       0.2948
0.1061       0.2976       0.2978
0.1071       0.3006       0.3008
0.1081       0.3036       0.3038
0.1091       0.3065       0.3068
0.1101       0.3095       0.3097
0.1111       0.3124       0.3126
0.1121       0.3153       0.3156
0.1131       0.3182       0.3185
0.1141       0.3211       0.3213
0.1151       0.3240       0.3242
0.1161       0.3268       0.3270
0.1171       0.3296       0.3299
0.1181       0.3324       0.3327
0.1191       0.3352       0.3354
0.1201       0.3380       0.3382
0.1211       0.3407       0.3409
0.1221       0.3434       0.3437
0.1231       0.3461       0.3464
0.1241       0.3488       0.3490
0.1251       0.3515       0.3517
0.1261       0.3541       0.3543
0.1271       0.3567       0.3569
0.1281       0.3593       0.3595
0.1291       0.3619       0.3621
0.1301       0.3644       0.3646
0.1311       0.3669       0.3671
0.1321       0.3694       0.3696
0.1331       0.3719       0.3721
0.1341       0.3744       0.3746
0.1351       0.3768       0.3770
0.1361       0.3792       0.3794
0.1371       0.3816       0.3818
0.1381       0.3840       0.3842
0.1391       0.3863       0.3865
0.1401       0.3886       0.3888
0.1411       0.3909       0.3911
0.1421       0.3932       0.3934
0.1431       0.3954       0.3957
0.1441       0.3977       0.3979
0.1451       0.3999       0.4001
0.1461       0.4020       0.4023
0.1471       0.4042       0.4044
0.1481       0.4063       0.4066
0.1491       0.4084       0.4087
0.1502       0.4105       0.4107
0.1512       0.4126       0.4128
0.1522       0.4146       0.4149
0.1532       0.4167       0.4169
0.1542       0.4187       0.4189
0.1552       0.4206       0.4208
0.1562       0.4226       0.4228
0.1572       0.4245       0.4247
0.1582       0.4264       0.4266
0.1592       0.4283       0.4285
0.1602       0.4301       0.4304
0.1612       0.4320       0.4322
0.1622       0.4338       0.4340
0.1632       0.4356       0.4358
0.1642       0.4373       0.4375
0.1652       0.4391       0.4393
0.1662       0.4408       0.4410
0.1672       0.4425       0.4427
0.1682       0.4442       0.4444
0.1692       0.4458       0.4460
0.1702       0.4475       0.4477
0.1712       0.4491       0.4493
0.1722       0.4507       0.4509
0.1732       0.4522       0.4524
0.1742       0.4538       0.4540
0.1752       0.4553       0.4555
0.1762       0.4568       0.4570
0.1772       0.4583       0.4584
0.1782       0.4597       0.4599
0.1792       0.4611       0.4613
0.1802       0.4626       0.4627
0.1812       0.4639       0.4641
0.1822       0.4653       0.4655
0.1832       0.4666       0.4668
0.1842       0.4680       0.4681
0.1852       0.4693       0.4694
0.1862       0.4706       0.4707
0.1872       0.4718       0.4720
0.1882       0.4730       0.4732
0.1892       0.4743       0.4744
0.1902       0.4755       0.4756
0.1912       0.4766       0.4768
0.1922       0.4778       0.4779
0.1932       0.4789       0.4791
0.1942       0.4800       0.4802
0.1952       0.4811       0.4812
0.1962       0.4822       0.4823
0.1972       0.4832       0.4834
0.1982       0.4842       0.4844
0.1992       0.4852       0.4854
0.2002       0.4862       0.4864
0.2012       0.4872       0.4873
0.2022       0.4881       0.4883
0.2032       0.4891       0.4892
0.2042       0.4900       0.4901
0.2052       0.4908       0.4910
0.2062       0.4917       0.4918
0.2072       0.4925       0.4927
0.2082       0.4934       0.4935
0.2092       0.4942       0.4943
0.2102       0.4950       0.4951
0.2112       0.4957       0.4958
0.2122       0.4965       0.4966
0.2132       0.4972       0.4973
0.2142       0.4979       0.4980
0.2152       0.4986       0.4987
0.2162       0.4992       0.4993
0.2172       0.4999       0.5000
0.2182       0.5005       0.5006
0.2192       0.5011       0.5012
0.2202       0.5017       0.5018
0.2212       0.5022       0.5023
0.2222       0.5028       0.5029
0.2232       0.5033       0.5034
0.2242       0.5038       0.5039
0.2252       0.5043       0.5044
0.2262       0.5048       0.5048
0.2272       0.5052       0.5053
0.2282       0.5056       0.5057
0.2292       0.5060       0.5061
0.2302       0.5064       0.5065
0.2312       0.5068       0.5069
0.2322       0.5072       0.5072
0.2332       0.5075       0.5075
0.2342       0.5078       0.5078
0.2352       0.5081       0.5081
0.2362       0.5084       0.5084
0.2372       0.5086       0.5087
0.2382       0.5089       0.5089
0.2392       0.5091       0.5091
0.2402       0.5093       0.5093
0.2412       0.5094       0.5095
0.2422       0.5096       0.5096
0.2432       0.5097       0.5098
0.2442       0.5099       0.5099
0.2452       0.5100       0.5100
0.2462       0.5101       0.5101
0.2472       0.5101       0.5101
0.2482       0.5102       0.5102
0.2492       0.5102       0.5102
0.2503       0.5102       0.5102
0.2513       0.5102       0.5102
0.2523       0.5102       0.5102
0.2533       0.5101       0.5101
0.2543       0.5100       0.5100
0.2553       0.5100       0.5099
0.2563       0.5099       0.5098
0.2573       0.5097       0.5097
0.2583       0.5096       0.5096
0.2593       0.5094       0.5094
0.2603       0.5092       0.5092
0.2613       0.5090       0.5090
0.2623       0.5088       0.5088
0.2633       0.5086       0.5085
0.2643       0.5083       0.5083
0.2653       0.5080       0.5080
0.2663       0.5078       0.5077
0.2673       0.5074       0.5074
0.2683       0.5071       0.5070
0.2693       0.5067       0.5067
0.2703       0.5064       0.5063
0.2713       0.5060       0.5059
0.2723       0.5056       0.5055
0.2733       0.5051       0.5051
0.2743       0.5047       0.5046
0.2753       0.5042       0.5041
0.2763       0.5037       0.5036
0.2773       0.5032       0.5031
0.2783       0.5027       0.5026
0.2793       0.5022       0.5020
0.2803       0.5016       0.5015
0.2813       0.5010       0.5009
0.2823       0.5004       0.5003
0.2833       0.4998       0.4996
0.2843       0.4991       0.4990
0.2853       0.4985       0.4983
0.2863       0.4978       0.4976
0.2873       0.4971       0.4969
0.2883       0.4963       0.4962
0.2893       0.4956       0.4954
0.2903       0.4948       0.4947
0.2913       0.4941       0.4939
0.2923       0.4932       0.4931
0.2933       0.4924       0.4923
0.2943       0.4916       0.4914
0.2953       0.4907       0.4905
0.2963       0.4898       0.4896
0.2973       0.4889       0.4887
0.2983       0.4880       0.4878
0.2993       0.4870       0.4868
0.3003       0.4861       0.4859
0.3013       0.4851       0.4849
0.3023       0.4841       0.4839
0.3033       0.4831       0.4828
0.3043       0.4820       0.4818
0.3053       0.4809       0.4807
0.3063       0.4798       0.4796
0.3073       0.4787       0.4785
0.3083       0.4776       0.4774
0.3093       0.4764       0.4762
0.3103       0.4753       0.4750
0.3113       0.4741       0.4738
0.3123       0.4729       0.4726
0.3133       0.4716       0.4713
0.3143       0.4704       0.4701
0.3153       0.4691       0.4688
0.3163       0.4678       0.4675
0.3173       0.4664       0.4661
0.3183       0.4651       0.4648
0.3193       0.4637       0.4634
0.3203       0.4623       0.4620
0.3213       0.4609       0.4606
0.3223       0.4595       0.4592
0.3233       0.4580       0.4577
0.3243       0.4566       0.4562
0.3253       0.4551       0.4547
0.3263       0.4535       0.4532
0.3273       0.4520       0.4516
0.3283       0.4504       0.4501
0.3293       0.4488       0.4485
0.3303       0.4472       0.4468
0.3313       0.4456       0.4452
0.3323       0.4439       0.4435
0.3333       0.4423       0.4419
0.3343       0.4405       0.4402
0.3353       0.4388       0.4384
0.3363       0.4371       0.4367
0.3373       0.4353       0.4349
0.3383       0.4335       0.4331
0.3393       0.4317       0.4313
0.3403       0.4299       0.4294
0.3413       0.4280       0.4276
0.3423       0.4261       0.4257
0.3433       0.4242       0.4238
0.3443       0.4223       0.4218
0.3453       0.4203       0.4199
0.3463       0.4183       0.4179
0.3473       0.4164       0.4159
0.3483       0.4143       0.4138
0.3493       0.4123       0.4118
0.3504       0.4102       0.4097
0.3514       0.4081       0.4076
0.3524       0.4060       0.4055
0.3534       0.4039       0.4033
0.3544       0.4017       0.4012
0.3554       0.3995       0.3990
0.3564       0.3973       0.3968
0.3574       0.3951       0.3945
0.3584       0.3928       0.3923
0.3594       0.3906       0.3900
0.3604       0.3883       0.3877
0.3614       0.3859       0.3853
0.3624       0.3836       0.3830
0.3634       0.3812       0.3806
0.3644       0.3788       0.3782
0.3654       0.3764       0.3758
0.3664       0.3740       0.3734
0.3674       0.3715       0.3709
0.3684       0.3690       0.3684
0.3694       0.3665       0.3659
0.3704       0.3640       0.3634
0.3714       0.3615       0.3608
0.3724       0.3589       0.3582
0.3734       0.3563       0.3556
0.3744       0.3537       0.3530
0.3754       0.3510       0.3504
0.3764       0.3484       0.3477
0.3774       0.3457       0.3450
0.3784       0.3430       0.3423
0.3794       0.3403       0.3396
0.3804       0.3375       0.3368
0.3814       0.3348       0.3340
0.3824       0.3320       0.3313
0.3834       0.3292       0.3284
0.3844       0.3264       0.3256
0.3854       0.3235       0.3228
0.3864       0.3207       0.3199
0.3874       0.3178       0.3170
0.3884       0.3149       0.3141
0.3894       0.3120       0.3112
0.3904       0.3090       0.3082
0.3914       0.3061       0.3053
0.3924       0.3031       0.3023
0.3934       0.3001       0.2993
0.3944       0.2971       0.2963
0.3954       0.2941       0.2932
0.3964       0.2910       0.2902
0.3974       0.2880       0.2871
0.3984       0.2849       0.2841
0.3994       0.2818       0.2810
0.4004       0.2787       0.2779
0.4014       0.2756       0.2747
0.4024       0.2725       0.2716
0.4034       0.2693       0.2685
0.4044       0.2662       0.2653
0.4054       0.2630       0.2621
0.4064       0.2598       0.2589
0.4074       0.2566       0.2557
0.4084       0.2534       0.2525
0.4094       0.2502       0.2493
0.4104       0.2470       0.2461
0.4114       0.2438       0.2429
0.4124       0.2406       0.2396
0.4134       0.2373       0.2364
0.4144       0.2341       0.2331
0.4154       0.2308       0.2299
0.4164       0.2276       0.2266
0.4174       0.2243       0.2234
0.4184       0.2210       0.2201
0.4194       0.2178       0.2168
0.4204       0.2145       0.2135
0.4214       0.2112       0.2103
0.4224       0.2080       0.2070
0.4234       0.2047       0.2037
0.4244       0.2014       0.2005
0.4254       0.1981       0.1972
0.4264       0.1949       0.1939
0.4274       0.1916       0.1907
0.4284       0.1884       0.1874
0.4294       0.1851       0.1842
0.4304       0.1819       0.1809
0.4314       0.1786       0.1777
0.4324       0.1754       0.1745
0.4334       0.1722       0.1712
0.4344       0.1690       0.1680
0.4354       0.1658       0.1649
0.4364       0.1626       0.1617
0.4374       0.1595       0.1585
0.4384       0.1563       0.1554
0.4394       0.1532       0.1523
0.4404       0.1501       0.1491
0.4414       0.1470       0.1461
0.4424       0.1439       0.1430
0.4434       0.1409       0.1399
0.4444       0.1378       0.1369
0.4454       0.1348       0.1339
0.4464       0.1319       0.1309
0.4474       0.1289       0.1280
0.4484       0.1260       0.1251
0.4494       0.1231       0.1222
0.4505       0.1202       0.1193
0.4515       0.1174       0.1165
0.4525       0.1146       0.1137
0.4535       0.1118       0.1109
0.4545       0.1091       0.1082
0.4555       0.1064       0.1055
0.4565       0.1037       0.1029
0.4575       0.1011       0.1003
0.4585       0.0985       0.0977
0.4595       0.0960       0.0952
0.4605       0.0935       0.0927
0.4615       0.0910       0.0902
0.4625       0.0886       0.0878
0.4635       0.0862       0.0855
0.4645       0.0839       0.0832
0.4655       0.0816       0.0809
0.4665       0.0794       0.0787
0.4675       0.0772       0.0765
0.4685       0.0751       0.0744
0.4695       0.0730       0.0724
0.4705       0.0710       0.0704
0.4715       0.0691       0.0684
0.4725       0.0672       0.0665
0.4735       0.0653       0.0647
0.4745       0.0635       0.0629
0.4755       0.0618       0.0612
0.4765       0.0601       0.0596
0.4775       0.0585       0.0580
0.4785       0.0570       0.0565
0.4795       0.0555       0.0550
0.4805       0.0541       0.0536
0.4815       0.0527       0.0523
0.4825       0.0514       0.0510
0.4835       0.0502       0.0498
0.4845       0.0490       0.0487
0.4855       0.0479       0.0476
0.4865       0.0469       0.0466
0.4875       0.0460       0.0457
0.4885       0.0451       0.0448
0.4895       0.0443       0.0440
0.4905       0.0435       0.0433
0.4915       0.0428       0.0426
0.4925       0.0422       0.0420
0.4935       0.0417       0.0415
0.4945       0.0412       0.0411
0.4955       0.0409       0.0407
0.4965       0.0405       0.0404
0.4975       0.0403       0.0402
0.4985       0.0401       0.0401
0.4995       0.0400       0.0400
0.5005       0.0400       0.0400
0.5015       0.0400       0.0401
0.5025       0.0402       0.0402
0.5035       0.0404       0.0404
0.5045       0.0406       0.0407
0.5055       0.0410       0.0411
0.5065       0.0414       0.0415
0.5075       0.0419       0.0420
0.5085       0.0424       0.0426
0.5095       0.0430       0.0433
0.5105       0.0437       0.0440
0.5115       0.0445       0.0448
0.5125       0.0453       0.0457
0.5135       0.0462       0.0466
0.5145       0.0472       0.0476
0.5155       0.0483       0.0487
0.5165       0.0494       0.0498
0.5175       0.0506       0.0510
0.5185       0.0518       0.0523
0.5195       0.0531       0.0536
0.5205       0.0545       0.0550
0.5215       0.0559       0.0565
0.5225       0.0574       0.0580
0.5235       0.0590       0.0596
0.5245       0.0606       0.0612
0.5255       0.0623       0.0629
0.5265       0.0641       0.0647
0.5275       0.0659       0.0665
0.5285       0.0677       0.0684
0.5295       0.0697       0.0704
0.5305       0.0716       0.0724
0.5315       0.0737       0.0744
0.5325       0.0757       0.0765
0.5335       0.0779       0.0787
0.5345       0.0801       0.0809
0.5355       0.0823       0.0832
0.5365       0.0846       0.0855
0.5375       0.0869       0.0878
0.5385       0.0893       0.0902
0.5395       0.0917       0.0927
0.5405       0.0942       0.0952
0.5415       0.0967       0.0977
0.5425       0.0993       0.1003
0.5435       0.1019       0.1029
0.5445       0.1045       0.1055
0.5455       0.1072       0.1082
0.5465       0.1099       0.1109
0.5475       0.1127       0.1137
0.5485       0.1154       0.1165
0.5495       0.1183       0.1193
0.5506       0.1211       0.1222
0.5516       0.1240       0.1251
0.5526       0.1269       0.1280
0.5536       0.1298       0.1309
0.5546       0.1328       0.1339
0.5556       0.1358       0.1369
0.5566       0.1388       0.1399
0.5576       0.1418       0.1430
0.5586       0.1449       0.1461
0.5596       0.1480       0.1491
0.5606       0.1511       0.1523
0.5616       0.1542       0.1554
0.5626       0.1573       0.1585
0.5636       0.1605       0.1617
0.5646       0.1636       0.1649
0.5656       0.1668       0.1680
0.5666       0.1700       0.1712
0.5676       0.1732       0.1745
0.5686       0.1764       0.1777
0.5696       0.1796       0.1809
0.5706       0.1829       0.1842
0.5716       0.1861       0.1874
0.5726       0.1894       0.1907
0.5736       0.1926       0.1939
0.5746       0.1959       0.1972
0.5756       0.1992       0.2005
0.5766       0.2024       0.2037
0.5776       0.2057       0.2070
0.5786       0.2090       0.2103
0.5796       0.2122       0.2135
0.5806       0.2155       0.2168
0.5816       0.2188       0.2201
0.5826       0.2220       0.2234
0.5836       0.2253       0.2266
0.5846       0.2286       0.2299
0.5856       0.2318       0.2331
0.5866       0.2351       0.2364
0.5876       0.2383       0.2396
0.5886       0.2416       0.2429
0.5896       0.2448       0.2461
0.5906       0.2480       0.2493
0.5916       0.2512       0.2525
0.5926       0.2544       0.2557
0.5936       0.2576       0.2589
0.5946       0.2608       0.2621
0.5956       0.2640       0.2653
0.5966       0.2672       0.2685
0.5976       0.2703       0.2716
0.5986       0.2734       0.2747
0.5996       0.2766       0.2779
0.6006       0.2797       0.2810
0.6016       0.2828       0.2841
0.6026       0.2859       0.2871
0.6036       0.2889       0.2902
0.6046       0.2920       0.2932
0.6056       0.2950       0.2963
0.6066       0.2980       0.2993
0.6076       0.3010       0.3023
0.6086       0.3040       0.3053
0.6096       0.3070       0.3082
0.6106       0.3099       0.3112
0.6116       0.3129       0.3141
0.6126       0.3158       0.3170
0.6136       0.3187       0.3199
0.6146       0.3216       0.3228
0.6156       0.3244       0.3256
0.6166       0.3272       0.3284
0.6176       0.3301       0.3313
0.6186       0.3329       0.3340
0.6196       0.3356       0.3368
0.6206       0.3384       0.3396
0.6216       0.3411       0.3423
0.6226       0.3438       0.3450
0.6236       0.3465       0.3477
0.6246       0.3492       0.3504
0.6256       0.3519       0.3530
0.6266       0.3545       0.3556
0.6276       0.3571       0.3582
0.6286       0.3597       0.3608
0.6296       0.3622       0.3634
0.6306       0.3648       0.3659
0.6316       0.3673       0.3684
0.6326       0.3698       0.3709
0.6336       0.3723       0.3734
0.6346       0.3747       0.3758
0.6356       0.3772       0.3782
0.6366       0.3796       0.3806
0.6376       0.3820       0.3830
0.6386       0.3843       0.3853
0.6396       0.3867       0.3877
0.6406       0.3890       0.3900
0.6416       0.3913       0.3923
0.6426       0.3935       0.3945
0.6436       0.3958       0.3968
0.6446       0.3980       0.3990
0.6456       0.4002       0.4012
0.6466       0.4024       0.4033
0.6476       0.4045       0.4055
0.6486       0.4067       0.4076
0.6496       0.4088       0.4097
0.6507       0.4109       0.4118
0.6517       0.4129       0.4138
0.6527       0.4150       0.4159
0.6537       0.4170       0.4179
0.6547       0.4190       0.4199
0.6557       0.4209       0.4218
0.6567       0.4229       0.4238
0.6577       0.4248       0.4257
0.6587       0.4267       0.4276
0.6597       0.4286       0.4294
0.6607       0.4304       0.4313
0.6617       0.4323       0.4331
0.6627       0.4341       0.4349
0.6637       0.4359       0.4367
0.6647       0.4376       0.4384
0.6657       0.4394       0.4402
0.6667       0.4411       0.4419
0.6677       0.4428       0.4435
0.6687       0.4444       0.4452
0.6697       0.4461       0.4468
0.6707       0.4477       0.4485
0.6717       0.4493       0.4501
0.6727       0.4509       0.4516
0.6737       0.4525       0.4532
0.6747       0.4540       0.4547
0.6757       0.4555       0.4562
0.6767       0.4570       0.4577
0.6777       0.4585       0.4592
0.6787       0.4599       0.4606
0.6797       0.4614       0.4620
0.6807       0.4628       0.4634
0.6817       0.4642       0.4648
0.6827       0.4655       0.4661
0.6837       0.4669       0.4675
0.6847       0.4682       0.4688
0.6857       0.4695       0.4701
0.6867       0.4707       0.4713
0.6877       0.4720       0.4726
0.6887       0.4732       0.4738
0.6897       0.4744       0.4750
0.6907       0.4756       0.4762
0.6917       0.4768       0.4774
0.6927       0.4780       0.4785
0.6937       0.4791       0.4796
0.6947       0.4802       0.4807
0.6957       0.4813       0.4818
0.6967       0.4823       0.4828
0.6977       0.4834       0.4839
0.6987       0.4844       0.4849
0.6997       0.4854       0.4859
0.7007       0.4864       0.4868
0.7017       0.4873       0.4878
0.7027       0.4883       0.4887
0.7037       0.4892       0.4896
0.7047       0.4901       0.4905
0.7057       0.4910       0.4914
0.7067       0.4918       0.4923
0.7077       0.4927       0.4931
0.7087       0.4935       0.4939
0.7097       0.4943       0.4947
0.7107       0.4951       0.4954
0.7117       0.4958       0.4962
0.7127       0.4966       0.4969
0.7137       0.4973       0.4976
0.7147       0.4980       0.4983
0.7157       0.4987       0.4990
0.7167       0.4993       0.4996
0.7177       0.5000       0.5003
0.7187       0.5006       0.5009
0.7197       0.5012       0.5015
0.7207       0.5018       0.5020
0.7217       0.5023       0.5026
0.7227       0.5029       0.5031
0.7237       0.5034       0.5036
0.7247       0.5039       0.5041
0.7257       0.5044       0.5046
0.7267       0.5048       0.5051
0.7277       0.5053       0.5055
0.7287       0.5057       0.5059
0.7297       0.5061       0.5063
0.7307       0.5065       0.5067
0.7317       0.5069       0.5070
0.7327       0.5072       0.5074
0.7337       0.5075       0.5077
0.7347       0.5078       0.5080
0.7357       0.5081       0.5083
0.7367       0.5084       0.5085
0.7377       0.5087       0.5088
0.7387       0.5089       0.5090
0.7397       0.5091       0.5092
0.7407       0.5093       0.5094
0.7417       0.5095       0.5096
0.7427       0.5096       0.5097
0.7437       0.5098       0.5098
0.7447       0.5099       0.5099
0.7457       0.5100       0.5100
0.7467       0.5101       0.5101
0.7477       0.5101       0.5102
0.7487       0.5102       0.5102
0.7497       0.5102       0.5102
0.7508       0.5102       0.5102
0.7518       0.5102       0.5102
0.7528       0.5102       0.5101
0.7538       0.5101       0.5101
0.7548       0.5100       0.5100
0.7558       0.5099       0.5099
0.7568       0.5098       0.5098
0.7578       0.5097       0.5096
0.7588       0.5096       0.5095
0.7598       0.5094       0.5093
0.7608       0.5092       0.5091
0.7618       0.5090       0.5089
0.7628       0.5088       0.5087
0.7638       0.5085       0.5084
0.7648       0.5083       0.5081
0.7658       0.5080       0.5078
0.7668       0.5077       0.5075
0.7678       0.5074       0.5072
0.7688       0.5070       0.5069
0.7698       0.5067       0.5065
0.7708       0.5063       0.5061
0.7718       0.5059       0.5057
0.7728       0.5055       0.5053
0.7738       0.5051       0.5048
0.7748       0.5046       0.5044
0.7758       0.5041       0.5039
0.7768       0.5037       0.5034
0.7778       0.5031       0.5029
0.7788       0.5026       0.5023
0.7798       0.5021       0.5018
0.7808       0.5015       0.5012
0.7818       0.5009       0.5006
0.7828       0.5003       0.5000
0.7838       0.4997       0.4993
0.7848       0.4990       0.4987
0.7858       0.4984       0.4980
0.7868       0.4977       0.4973
0.7878       0.4970       0.4966
0.7888       0.4962       0.4958
0.7898       0.4955       0.4951
0.7908       0.4947       0.4943
0.7918       0.4939       0.4935
0.7928       0.4931       0.4927
0.7938       0.4923       0.4918
0.7948       0.4914       0.4910
0.7958       0.4906       0.4901
0.7968       0.4897       0.4892
0.7978       0.4888       0.4883
0.7988       0.4879       0.4873
0.7998       0.4869       0.4864
0.8008       0.4859       0.4854
0.8018       0.4849       0.4844
0.8028       0.4839       0.4834
0.8038       0.4829       0.4823
0.8048       0.4818       0.4812
0.8058       0.4808       0.4802
0.8068       0.4797       0.4791
0.8078       0.4786       0.4779
0.8088       0.4774       0.4768
0.8098       0.4763       0.4756
0.8108       0.4751       0.4744
0.8118       0.4739       0.4732
0.8128       0.4727       0.4720
0.8138       0.4714       0.4707
0.8148       0.4702       0.4694
0.8158       0.4689       0.4681
0.8168       0.4676       0.4668
0.8178       0.4662       0.4655
0.8188       0.4649       0.4641
0.8198       0.4635       0.4627
0.8208       0.4621       0.4613
0.8218       0.4607       0.4599
0.8228       0.4593       0.4584
0.8238       0.4578       0.4570
0.8248       0.4563       0.4555
0.8258       0.4548       0.4540
0.8268       0.4533       0.4524
0.8278       0.4517       0.4509
0.8288       0.4502       0.4493
0.8298       0.4486       0.4477
0.8308       0.4470       0.4460
0.8318       0.4453       0.4444
0.8328       0.4437       0.4427
0.8338       0.4420       0.4410
0.8348       0.4403       0.4393
0.8358       0.4386       0.4375
0.8368       0.4368       0.4358
0.8378       0.4350       0.4340
0.8388       0.4332       0.4322
0.8398       0.4314       0.4304
0.8408       0.4296       0.4285
0.8418       0.4277       0.4266
0.8428       0.4258       0.4247
0.8438       0.4239       0.4228
0.8448       0.4220       0.4208
0.8458       0.4200       0.4189
0.8468       0.4180       0.4169
0.8478       0.4160       0.4149
0.8488       0.4140       0.4128
0.8498       0.4120       0.4107
0.8509       0.4099       0.4087
0.8519       0.4078       0.4066
0.8529       0.4057       0.4044
0.8539       0.4035       0.4023
0.8549       0.4014       0.4001
0.8559       0.3992       0.3979
0.8569       0.3970       0.3957
0.8579       0.3947       0.3934
0.8589       0.3925       0.3911
0.8599       0.3902       0.3888
0.8609       0.3879       0.3865
0.8619       0.3856       0.3842
0.8629       0.3832       0.3818
0.8639       0.3809       0.3794
0.8649       0.3785       0.3770
0.8659       0.3760       0.3746
0.8669       0.3736       0.3721
0.8679       0.3711       0.3696
0.8689       0.3687       0.3671
0.8699       0.3661       0.3646
0.8709       0.3636       0.3621
0.8719       0.3611       0.3595
0.8729       0.3585       0.3569
0.8739       0.3559       0.3543
0.8749       0.3533       0.3517
0.8759       0.3506       0.3490
0.8769       0.3480       0.3464
0.8779       0.3453       0.3437
0.8789       0.3426       0.3409
0.8799       0.3399       0.3382
0.8809       0.3371       0.3354
0.8819       0.3344       0.3327
0.8829       0.3316       0.3299
0.8839       0.3288       0.3270
0.8849       0.3259       0.3242
0.8859       0.3231       0.3213
0.8869       0.3202       0.3185
0.8879       0.3173       0.3156
0.8889       0.3144       0.3126
0.8899       0.3115       0.3097
0.8909       0.3086       0.3068
0.8919       0.3056       0.3038
0.8929       0.3026       0.3008
0.8939       0.2996       0.2978
0.8949       0.2966       0.2948
0.8959       0.2936       0.2917
0.8969       0.2906       0.2887
0.8979       0.2875       0.2856
0.8989       0.2844       0.2825
0.8999       0.2813       0.2794
0.9009       0.2782       0.2763
0.9019       0.2751       0.2732
0.9029       0.2720       0.2700
0.9039       0.2688       0.2669
0.9049       0.2657       0.2637
0.9059       0.2625       0.2605
0.9069       0.2593       0.2573
0.9079       0.2562       0.2541
0.9089       0.2530       0.2509
0.9099       0.2497       0.2477
0.9109       0.2465       0.2445
0.9119       0.2433       0.2413
0.9129       0.2401       0.2380
0.9139       0.2368       0.2348
0.9149       0.2336       0.2315
0.9159       0.2303       0.2283
0.9169       0.2271       0.2250
0.9179       0.2238       0.2217
0.9189       0.2205       0.2185
0.9199       0.2173       0.2152
0.9209       0.2140       0.2119
0.9219       0.2107       0.2086
0.9229       0.2074       0.2054
0.9239       0.2042       0.2021
0.9249       0.2009       0.1988
0.9259       0.1976       0.1956
0.9269       0.1944       0.1923
0.9279       0.1911       0.1890
0.9289       0.1879       0.1858
0.9299       0.1846       0.1825
0.9309       0.1814       0.1793
0.9319       0.1781       0.1761
0.9329       0.1749       0.1729
0.9339       0.1717       0.1696
0.9349       0.1685       0.1665
0.9359       0.1653       0.1633
0.9369       0.1622       0.1601
0.9379       0.1590       0.1570
0.9389       0.1559       0.1538
0.9399       0.1527       0.1507
0.9409       0.1496       0.1476
0.9419       0.1465       0.1445
0.9429       0.1435       0.1415
0.9439       0.1404       0.1384
0.9449       0.1374       0.1354
0.9459       0.1344       0.1324
0.9469       0.1314       0.1295
0.9479       0.1285       0.1265
0.9489       0.1255       0.1236
0.9499       0.1226       0.1208
0.9510       0.1198       0.1179
0.9520       0.1169       0.1151
0.9530       0.1141       0.1123
0.9540       0.1114       0.1096
0.9550       0.1087       0.1069
0.9560       0.1060       0.1042
0.9570       0.1033       0.1016
0.9580       0.1007       0.0990
0.9590       0.0981       0.0964
0.9600       0.0956       0.0939
0.9610       0.0931       0.0914
0.9620       0.0906       0.0890
0.9630       0.0882       0.0866
0.9640       0.0858       0.0843
0.9650       0.0835       0.0820
0.9660       0.0813       0.0798
0.9670       0.0791       0.0776
0.9680       0.0769       0.0755
0.9690       0.0748       0.0734
0.9700       0.0727       0.0714
0.9710       0.0707       0.0694
0.9720       0.0688       0.0675
0.9730       0.0669       0.0656
0.9740       0.0650       0.0638
0.9750       0.0632       0.0621
0.9760       0.0615       0.0604
0.9770       0.0599       0.0588
0.9780       0.0583       0.0572
0.9790       0.0567       0.0557
0.9800       0.0553       0.0543
0.9810       0.0538       0.0529
0.9820       0.0525       0.0516
0.9830       0.0512       0.0504
0.9840       0.0500       0.0492
0.9850       0.0489       0.0481
0.9860       0.0478       0.0471
0.9870       0.0468       0.0461
0.9880       0.0458       0.0452
0.9890       0.0449       0.0444
0.9900       0.0441       0.0436
0.9910       0.0434       0.0429
0.9920       0.0427       0.0423
0.9930       0.0421       0.0418
0.9940       0.0416       0.0413
0.9950       0.0412       0.0409
0.9960       0.0408       0.0406
0.9970       0.0405       0.0403
0.9980       0.0403       0.0401
0.9990       0.0401       0.0400
1.0000       0.0400       0.0400
