   lam            R                  T
 934.0       0.2467       0.7533
 924.8       0.1727       0.8273
 915.7       0.0921       0.9079
 906.8       0.0427       0.9573
 898.1       0.0555       0.9445
 889.5       0.1220       0.8780
 881.1       0.2040       0.7960
 872.9       0.2694       0.7306
 864.8       0.3035       0.6965
 856.9       0.3021       0.6979
 849.1       0.2655       0.7345
 841.4       0.1980       0.8020
 833.9       0.1155       0.8845
 826.5       0.0519       0.9481
 819.3       0.0446       0.9554
 812.2       0.0989       0.9011
 805.2       0.1811       0.8189
 798.3       0.2542       0.7458
 791.5       0.2986       0.7014
 784.9       0.3079       0.6921
 778.3       0.2812       0.7188
 771.9       0.2214       0.7786
 765.6       0.1399       0.8601
 759.3       0.0658       0.9342
 753.2       0.0395       0.9605
 747.2       0.0789       0.9211
 741.3       0.1584       0.8416
 735.4       0.2378       0.7622
 729.7       0.2917       0.7083
 724.0       0.3112       0.6888
 718.5       0.2944       0.7056
 713.0       0.2426       0.7574
 707.6       0.1641       0.8359
 702.3       0.0829       0.9171
 697.0       0.0397       0.9603
 691.9       0.0630       0.9370
 686.8       0.1373       0.8627
 681.8       0.2212       0.7788
 676.8       0.2840       0.7160
 671.9       0.3131       0.6869
 667.1       0.3054       0.6946
 662.4       0.2616       0.7384
 657.7       0.1871       0.8129
 653.1       0.1016       0.8984
 648.6       0.0440       0.9560
 644.1       0.0514       0.9486
 639.7       0.1191       0.8809
 635.4       0.2064       0.7936
 631.1       0.2772       0.7228
 626.8       0.3150       0.6850
 622.7       0.3156       0.6844
 618.5       0.2787       0.7213
 614.5       0.2082       0.7918
 610.5       0.1198       0.8802
 606.5       0.0505       0.9495
 602.6       0.0439       0.9561
 598.7       0.1056       0.8944
 594.9       0.1962       0.8038
 591.1       0.2744       0.7256
 587.4       0.3199       0.6801
 583.8       0.3272       0.6728
 580.1       0.2955       0.7045
 576.5       0.2271       0.7729
 573.0       0.1353       0.8647
 569.5       0.0563       0.9437
 566.1       0.0397       0.9603
 562.7       0.0997       0.9003
 559.3       0.1962       0.8038
 556.0       0.2820       0.7180
 552.7       0.3338       0.6662
 549.4       0.3452       0.6548
 546.2       0.3149       0.6851
 543.0       0.2442       0.7558
 539.9       0.1448       0.8552
 536.8       0.0562       0.9438
 533.7       0.0384       0.9616
 530.7       0.1101       0.8899
 527.7       0.2213       0.7787
 524.7       0.3166       0.6834
 521.8       0.3718       0.6282
 518.9       0.3817       0.6183
 516.0       0.3445       0.6555
 513.2       0.2589       0.7411
 510.4       0.1379       0.8621
 507.6       0.0398       0.9602
 504.9       0.0549       0.9451
 502.2       0.1837       0.8163
 499.5       0.3316       0.6684
 496.8       0.4360       0.5640
 494.2       0.4844       0.5156
 491.6       0.4755       0.5245
 489.0       0.3989       0.6011
 486.5       0.2342       0.7658
 483.9       0.0388       0.9612
 481.4       0.1335       0.8665
 479.0       0.4889       0.5111
 476.5       0.7303       0.2697
 474.1       0.8474       0.1526
 471.7       0.9045       0.0955
 469.3       0.9346       0.0654
 467.0       0.9517       0.0483
 464.7       0.9619       0.0381
 462.4       0.9684       0.0316
 460.1       0.9726       0.0274
 457.8       0.9753       0.0247
 455.6       0.9770       0.0230
 453.4       0.9780       0.0220
 451.2       0.9785       0.0215
 449.0       0.9785       0.0215
 446.9       0.9780       0.0220
 444.8       0.9770       0.0230
 442.7       0.9753       0.0247
 440.6       0.9726       0.0274
 438.5       0.9685       0.0315
 436.4       0.9621       0.0379
 434.4       0.9519       0.0481
 432.4       0.9349       0.0651
 430.4       0.9050       0.0950
 428.4       0.8482       0.1518
 426.5       0.7319       0.2681
 424.5       0.4917       0.5083
 422.6       0.1360       0.8640
 420.7       0.0380       0.9620
 418.8       0.2330       0.7670
 417.0       0.3984       0.6016
 415.1       0.4756       0.5244
 413.3       0.4849       0.5151
 411.5       0.4369       0.5631
 409.6       0.3329       0.6671
 407.9       0.1851       0.8149
 406.1       0.0555       0.9445
 404.3       0.0394       0.9606
 402.6       0.1371       0.8629
 400.9       0.2583       0.7417
 399.1       0.3443       0.6557
 397.4       0.3819       0.6181
 395.8       0.3723       0.6277
 394.1       0.3174       0.6826
 392.4       0.2223       0.7777
 390.8       0.1109       0.8891
 389.2       0.0386       0.9614
 387.6       0.0558       0.9442
 386.0       0.1442       0.8558
 384.4       0.2437       0.7563
 382.8       0.3147       0.6853
 381.2       0.3453       0.6547
 379.7       0.3342       0.6658
 378.1       0.2827       0.7173
 376.6       0.1971       0.8029
 375.1       0.1004       0.8996
 373.6       0.0399       0.9601
 372.1       0.0559       0.9441
 370.6       0.1347       0.8653
 369.2       0.2266       0.7734
 367.7       0.2953       0.7047
 366.3       0.3273       0.6727
 364.8       0.3203       0.6797
 363.4       0.2750       0.7250
 362.0       0.1970       0.8030
 360.6       0.1063       0.8937
 359.2       0.0442       0.9558
 357.9       0.0502       0.9498
 356.5       0.1192       0.8808
 355.1       0.2077       0.7923
 353.8       0.2785       0.7215
 352.5       0.3157       0.6843
 351.1       0.3153       0.6847
 349.8       0.2777       0.7223
 348.5       0.2072       0.7928
 347.2       0.1198       0.8802
 345.9       0.0517       0.9483
 344.6       0.0438       0.9562
 343.4       0.1010       0.8990
 342.1       0.1866       0.8134
 340.9       0.2612       0.7388
 339.6       0.3054       0.6946
 338.4       0.3133       0.6867
 337.2       0.2845       0.7155
 336.0       0.2219       0.7781
 334.8       0.1380       0.8620
 333.6       0.0634       0.9366
 332.4       0.0396       0.9604
 331.2       0.0824       0.9176
 330.0       0.1636       0.8364
 328.9       0.2422       0.7578
 327.7       0.2942       0.7058
 326.6       0.3114       0.6886
 325.4       0.2921       0.7079
 324.3       0.2384       0.7616
 323.2       0.1592       0.8408
 322.1       0.0795       0.9205
 321.0       0.0395       0.9605
 319.9       0.0654       0.9346
 318.8       0.1394       0.8606
 317.7       0.2209       0.7791
 316.6       0.2810       0.7190
 315.5       0.3079       0.6921
 314.5       0.2989       0.7011
 313.4       0.2548       0.7452
 312.4       0.1818       0.8182
 311.3       0.0995       0.9005
